#MeshBlock 0 on rank=0 with cost=1
#  Logical level 1, location = (0 0 0)
0.5 1.5208 0
2 1.5208 0
2 1.5708 0
0.5 1.5708 0
0.5 1.5208 0
0.5 1.5208 6.28319
2 1.5208 6.28319
2 1.5208 0
2 1.5208 6.28319
2 1.5708 6.28319
2 1.5708 0
2 1.5708 6.28319
0.5 1.5708 6.28319
0.5 1.5708 0
0.5 1.5708 6.28319
0.5 1.5208 6.28319
0.5 1.5208 0


#MeshBlock 1 on rank=1 with cost=1
#  Logical level 1, location = (0 1 0)
0.5 1.5708 0
2 1.5708 0
2 1.6208 0
0.5 1.6208 0
0.5 1.5708 0
0.5 1.5708 6.28319
2 1.5708 6.28319
2 1.5708 0
2 1.5708 6.28319
2 1.6208 6.28319
2 1.6208 0
2 1.6208 6.28319
0.5 1.6208 6.28319
0.5 1.6208 0
0.5 1.6208 6.28319
0.5 1.5708 6.28319
0.5 1.5708 0


